Scene: MainScene
Camera:
  Position: [-1.41426682, 1.44083178, 1.32857656]
  Rotation: [-70.0002823, -16.9999924, 0]
  Fov: 90
  NearPlane: 0.100000001
  FarPlane: 500
Entities:
  - Entity: 17937668882184825790
    Name: 1
    Transform:
      Position: [-1.10294259, -1.76029575, -3.54847431]
      Rotation: [1.24005568, 0.576838136, -1.33910954]
      Scale: [0.229983181, 3.38510084, 1.75999963]
  - Entity: 11970674655204837705
    Name: 2
    Transform:
      Position: [0.119845852, -0.63896817, -2.38440537]
      Rotation: [1.99214411, 0.439734638, 0.417827994]
      Scale: [1.00000012, 1.00000024, 2.5797081]
  - Entity: 17425424309382045408
    Name: 3
    Transform:
      Position: [-1.13559723, -0.521683812, -0.361787796]
      Rotation: [0, 0, 0]
      Scale: [1, 1, 1]